CUI,CAEN,I1,I2,I3,I4,I5,I6,I7,I8,I9,I10,I11,I12,I13,I14,I15,I16,I17,I18,I19,I20,I21,I22,I23,I24,I25,I26,I27,I28,I29,I30,I31,I32,I33,I34,I35,I36,I37
7678850,6499,3547799,6990806,112600,1937475,4937625,1998,1482376,,,,5245867,400000,103864,,,1941186,9058227,189489,698329,189489,508840,1616218,1077983,256386,0,636040,0,636040,11,50089,4937625,3072,1934403,,,,
8550816,6499,1081514,2096192,1780318,312327,,115598,171795,,,,3850001,3850001,,1444020,,,3121509,237808,330861,239008,91853,989778,679651,798,0,349588,0,349588,8,398899,,1071,311256,,,,
9356240,6499,2277395,3919576,108422,3811154,,2415,2522961,,,,2264000,2264000,,181454,,,3679296,226784,988445,231445,757000,1772807,740206,526002,0,277763,0,277763,9,2272714,,4367,3807762,,,,
6328601,6499,651791,135902,47421,88228,253,674,32922,,,,500687,500687,,,,,755445,567280,571605,571280,325,422613,389866,2,181737,0,154621,0,6,702483,31572,1008,87220,,,,
6838953,6612,9245135,57505576,16129898,41375552,,116910,50096921,,14826,188033,15425605,15425605,422833,,,,16567841,7984154,12376795,8047335,4329460,10048688,10081150,1918212,377433,0,377433,0,67,356110,,262,41375290,5475585,5475585,,
7627369,6630,8648310,564108,287631,276384,0,5417,146728,2533,0,0,5085020,5200000,1639377,0,0,0,9068574,2348381,2350570,2350570,0,1105341,980681,25343,1344546,0,1150311,0,9,1733441,0,313,276071,0,0,0,0
24467322,6630,358730,820722,94764,725958,,25326,21759,294824,,,910000,910000,126950,,,,888195,958948,1593503,958948,634555,1663391,1327313,489497,0,223307,0,231978,3,19162,,6247,497472,,,,
22264941,6630,569589,8695188,664926,258221,7772041,32624,935263,61791,,299040,5795323,5795323,,,,,8001307,6466204,6658459,6466204,192255,4973448,5785380,61664,811415,0,657137,0,12,,6437441,5220,251287,,,,
8057584,6612,3361330,6735200,71257,6663943,,470,5160563,527271,,,4404145,500250,1161000,,,1135721,4409166,425555,530778,430057,100721,917885,709637,11607,0,190466,0,190466,12,3352912,,668,6663275,,,,
25061950,6612,6475947,15299308,40879,289052,14969377,2821,686563,,,,22996878,22950000,,1151837,,,21091513,69767,527657,70253,457404,1485664,1240962,161372,0,874677,0,885423,9,5767900,,56,288996,,,,
18005590,6499,3556,17281492,21042,2475945,14784505,488,50358,15515042,,,344350,344350,,,,,1720136,434882,467151,434999,32152,801220,801056,28,0,333933,0,333933,,0,14784505,41,2475904,,,,
36431756,6499,466284,1399628,1349018,50610,0,4147,1338051,,,,0,0,,,,,532007,2861245,3285285,3281850,3435,0,2609232,15694,660359,0,532007,0,211,,,45,49340,,,,
8017326,6499,2780537,17740951,816800,14027042,2897109,227,14653605,,,,6805745,5400000,,196968,,1682155,5868110,1407666,1900756,1508180,392576,2363659,2063622,93137,0,256003,0,256003,,940394,3236217,13060,14010192,1000000,1000000,,
7411208,6499,3498437,2853123,17913,2835210,,5784,2818249,594435,,9035,1373407,400000,1514767,,,,2935625,277303,404419,290326,114093,416174,436655,313,0,32549,0,32549,7,3497058,,2086,2833124,,,,
7631041,6499,78006,23879069,770056,22573137,535652,7535,21948007,,,3450,6293877,5162757,,2317007,0,1131120,2013153,1578154,2136186,1588931,547255,2554129,2820976,21387,0,706177,0,706177,16,129388,535652,320,22572817,,,,
9493581,6612,1305216,3673269,7860,2038653,1622676,25179,1607997,,,,2879167,2850000,290493,,,,3395667,593766,1299214,715360,583854,1146529,947908,443729,0,92423,0,118422,15,399448,1622676,8045,2030132,,,,
9415761,6499,227105,21206893,2113944,3516715,15569936,20867,920890,0,0,1017081,2348960,1200000,390529,0,0,1148960,19516894,17860182,18174671,17867264,307407,11477643,9201524,36207,8936940,0,7509930,0,37,49905,0,2693,1952517,0,0,0,0
7448690,6499,3501826,5296163,429714,4866449,,400,4391158,,,,2393061,400000,2102835,0,,,4407231,202492,327426,211182,116244,491439,495624,1459,0,169657,0,169657,8,3457633,,1887,4864546,,,,
21862157,6430,10731,3213632,50857,2628199,534576,1616,26312,,,,3235200,3235200,55687,0,,,3199667,154404,244810,155854,88956,638362,343460,63272,0,161922,0,161922,,700,717703,837,2627363,,,,
8882408,6499,742509,3076274,65183,3011091,,,2711800,,,,814369,1400000,226160,,,,1106981,397872,413015,399588,13427,596080,499883,,0,86868,0,86868,16,741989,,4123,3006968,,,,
6584502,6611,15348620,1777941,84533,89760,1603648,6194,460743,,,11000,34976156,33427926,,16505162,,1548230,16661012,402335,445467,421204,24263,7490015,2306011,5046,0,1865590,0,1865590,12,28004778,,116,89635,,,,
15715453,6612,301248,18723629,2783413,13376804,2563412,66589,14508906,41939,,,7012175,7012175,,2782066,,,4540621,5473840,6518719,5474142,1044577,3309025,5601752,854520,62447,0,62447,0,14,148021,2563412,2660,13374144,,,,
13236071,6630,151220,28628638,2048531,1725286,24854821,42503,1785947,,,,4000000,4000000,13520458,,,,27036414,23359577,24112874,23359746,753128,11816088,13530432,413314,10169128,0,8625138,0,10,,24854821,547,5102,,,,
7447600,6499,3145146,2638155,48009,1402089,1188057,4699,1413265,385108,,,1166070,831000,,997284,,,3989629,40026,1923632,40026,1883606,1034809,768353,1552325,0,397046,0,397046,7,3126759,1188057,1869,1400216,,,,
8099938,6499,3302472,20324408,1298993,14837807,4187608,17962,14300590,,,,18391644,18391644,,10383438,,,9344252,2049384,3273816,2100163,1173653,3413943,2804890,769160,0,300234,0,300234,34,10128694,4187608,4598,14833209,,,,
11070990,6630,55023,1529629,523960,50950,954719,5429,60042,,,31423,430000,430000,844204,,,,1498616,3632390,4447700,3632390,815310,8713210,1335610,2953743,158347,0,129403,0,3,52242,954718,525,50426,,,,
22227862,6430,15528,3444818,97650,1735,3345433,510,96404,,,539,800100,800100,2165989,,,,3364672,1036824,1250020,1036880,213140,909333,892731,77013,280276,0,238563,0,6,,3345433,220,2445,,,,
7475775,6499,671377,11608301,114429,6749806,4744066,8546,6327694,0,0,0,9571785,4453452,1730690,0,0,5118333,5960530,471273,2413266,471473,1941793,3598409,1070468,1859144,0,516346,0,516346,7,162874,4744066,0,6748441,0,0,0,0
8106253,6499,1380045,98111,88579,9532,,6041,58611,,,,3355624,1977500,,495192,,1378124,1425586,586777,749862,586777,163085,832632,822374,141773,0,214285,0,214285,5,1337474,,8492,1040,,,,
25851096,6630,1197998,29284474,10122102,19162372,,198247,16227468,,,,,,23639224,,,,14453249,79963883,80041747,80038949,2798,59506577,45406723,,34635024,0,28814025,0,30,,,293,19162079,,,,
17772595,6499,806199,1590899,217809,133153,1239937,6705,132095,160772,,,913724,913724,659144,,355323,,2110936,1842594,2148418,1843126,305292,1611673,1356604,348916,442898,0,355323,0,14,4351,1239937,958,,,,,
8694021,6612,1582452,57813618,13393704,42697172,1722642,45259,49517856,,,96695,1862374,470000,1735084,0,0,1171860,9826778,6394468,10520039,6406319,4113720,11356639,6179131,3739572,601336,0,605281,0,35,2042594,1646125,3283,4014488,,,,
6175133,6630,13127238,3384215,1149204,54116,2180895,35761,693700,9073727,,51549,13024366,13024366,,7207578,,,6728238,4838808,7076496,4903751,2172745,7995120,5481010,906729,688757,0,683450,0,18,509163,2180895,159,53957,,,,
18102976,6630,24943321,24974561,4333850,4173476,16467235,137676,9850601,,,690628,10656000,10656000,21184478,,,,39514329,48744529,51456475,48747748,2708727,64614989,43904042,1061799,6490634,0,5542651,0,29,24352997,16467235,3310,1170166,,,,
9427502,6499,227936,10078277,918376,9159901,,11676,7275845,,,,2599938,2600000,,,,,3042044,1268402,1929361,1269277,660084,1920513,1527523,479732,0,77894,0,77894,14,116390,,460,9159441,,,,
17269861,6499,381597,44151030,2184554,18422773,23543703,13303,1161602,,,1054478,7985184,7165700,80000,0,,,42329851,23252148,24984195,23300450,1683745,8137006,9673431,920336,14390428,0,12188291,0,21,2000,23575833,,18422773,,,,
18195622,6630,3526,1119480,22953,961031,135026,,316362,,,,1155000,1155000,,87885,,,806644,11806,46589,11806,34783,624105,544869,22594,0,520874,0,520874,6,,135026,400,660631,,,,
10679295,6499,1216014,7122050,261156,6860894,,1902,6747821,43631,0,,722822,400000,1282838,,,349804,1548514,1391830,1500276,1459419,40857,1666119,1684692,3334,0,187750,0,187750,19,866104,,9422,6851424,,,,
34633430,6499,9422,752218,747507,4711,,502,440593,,,,,,,239714,,,321550,8671585,8714577,8702988,11589,2820337,8066588,23106,624883,0,561264,0,48,,,,,,,,
9814029,6499,7666674,33792769,4148054,29637487,,131232,30485635,,205340,,16089529,15559320,,2181610,,1436665,10899700,1526610,10761471,1526610,9234861,10831611,2254769,10125258,0,1618556,0,1618556,10,7459763,,1662,29635824,,,,
1562694,6611,2856705,14142565,3681344,4528031,5930765,265899,6331729,,2015,,8104868,8000000,,1571750,,104868,10931425,4936443,5131086,4994222,136864,4354748,3782402,18182,1330502,0,1137930,0,15,736009,5930765,24785,4494744,,,,
6738423,6612,38262475,66267284,23383155,32133811,10193251,107483,41395785,23601,,391480,59040213,54039987,,15019,,6880234,62826576,2572222,20593635,2588487,18005148,12759067,8804574,10722751,1066310,0,1066310,0,42,29557673,9598543,1253,32132559,,,,
24566377,6630,2074782,38775054,7269861,34343,31468848,106101,5357040,,,1699001,6006617,6000000,1265551,,,,33899896,74618404,77081443,76841451,239992,75790374,66719045,158609,10203789,0,8865013,0,20,61245,25519004,1141,33684,,,,
18331767,6430,687816,1377588,111707,939465,326416,948,44325,,,,500000,500000,551022,,,,2022027,1214863,1294961,1216957,78004,485450,486802,49512,758647,0,638291,0,9,682640,326417,310,939155,,,,
11344069,6630,39319,725223,17972,177251,530000,456,22917,,,,1500733,1437284,,1065894,,63449,742081,151574,186831,179803,7028,312446,273060,574,0,86803,0,86803,9,13765,,243,177009,,,,
17777754,6611,77331269,21543698,1558356,1603833,18381509,196475,2293186,0,828658,199895,77579608,76741980,192458,0,1151493,0,95749703,19442496,24944577,19752925,5191652,15224283,14042747,2139789,8762041,0,7500525,0,46,71735711,0,21582,1582251,0,0,0,0
6641837,6499,208000,11404715,53347,11351037,331,979,7993006,,,,7383151,4337000,,5298939,,,3620688,794960,985232,794964,190268,2125725,1613362,179850,0,807980,0,807980,11,196046,331,567,11350470,,,,
5917749,6612,4005112,861639,212443,649196,,3880,1285727,,,,3523338,1360015,,11423,,,3584905,162018,261067,162018,99049,680829,642454,,0,381387,0,381387,7,3403794,,326,648870,,,,
9881370,6499,3502760,331932,331932,,,77755,232323,492950,,,3771442,400000,,592724,,433394,3187174,28443,147291,28443,118848,322726,267433,4291,0,124433,0,124433,4,3520400,,33755,231492,,,,
7614628,6499,126545,3292644,95599,2505157,691888,0,2524371,,,,1099800,1099800,,389317,,,894818,93282,118307,93282,25025,717483,500810,-21376,0,361127,0,361127,9,188158,1388717,7937,2497219,,,,
8450590,6499,10015687,28450569,16197370,1234972,11018227,215818,19314680,,,354370,9559155,9348840,15610362,,0,759939,19013024,8915036,15732705,8957367,6775338,18970013,11730460,12583776,0,8581531,0,7269575,22,19147286,11018227,356,1234616,,,4120206,
